/*--------------------------------*- C++ -*----------------------------------*\
| =========                 |                                                 |
| \\      /  F ield         | OpenFOAM: The Open Source CFD Toolbox           |
|  \\    /   O peration     | Version:  v1906                                 |
|   \\  /    A nd           | Web:      www.OpenFOAM.com                      |
|    \\/     M anipulation  |                                                 |
\*---------------------------------------------------------------------------*/
FoamFile
{
    version     2.0;
    format      ascii;
    class       cellSet;
    location    "constant/polyMesh/sets";
    object      concaveCells;
}
// * * * * * * * * * * * * * * * * * * * * * * * * * * * * * * * * * * * * * //


2532
(
45061
45062
45063
102408
45064
102409
102410
102411
102412
102413
102414
159759
102415
155669
12309
12310
45081
45082
45083
45084
45085
45086
45087
45088
32802
28707
32803
28708
65572
28709
28710
65577
159790
159792
77872
77873
131125
28727
28728
28729
28730
28731
28732
28733
28734
163906
147536
151635
168028
168030
168031
65638
4200
4201
147566
147568
8304
151665
8305
151667
90228
90229
90230
90231
110717
110718
110719
110720
90248
90249
90250
90251
90252
90253
90254
172175
90255
110737
110738
135315
110739
135316
110740
110741
110742
110743
12439
110744
12440
53400
98456
12441
53401
98457
12442
98458
98459
98460
98461
98462
98463
159905
159907
32932
32933
32934
32935
12459
12460
77996
12461
77997
12462
77998
12463
77999
12464
24752
12465
24753
12466
164021
164023
32952
32953
32954
32955
32956
32957
32958
32959
78016
78017
78018
78019
78020
143557
78021
143558
78022
78023
155853
155854
155855
41167
155856
41168
155857
155858
20690
155859
20691
98523
168157
98525
98526
147681
147682
147683
65763
151780
65764
151781
4325
65765
151782
4326
65766
151783
159982
127221
65783
65784
65785
65786
65787
65788
65789
65790
151811
53530
53531
164124
53532
53533
188707
16679
16680
53550
53551
53552
53553
24882
53554
24883
53555
24884
53556
24885
53557
86341
24902
86342
24903
24904
24905
24906
24907
106828
24908
8525
24909
8526
41297
41298
41299
20820
41300
20821
20822
20823
123226
139615
98655
98656
98657
98658
41317
4454
41318
4455
41319
20840
41320
20841
41321
20842
41322
20843
41323
20844
41324
20845
20846
20847
180598
119158
74108
74109
12674
12675
106890
160151
160152
131482
131483
131484
131485
131486
16809
16810
16811
16812
176557
61869
61870
164279
16829
16830
16831
16832
16833
86465
147906
16834
86466
147907
16835
86467
147908
16836
86468
147909
147910
119243
119244
152013
119245
152014
119246
152015
152016
86485
115158
86486
86487
86488
86489
86490
86491
86492
49636
49637
4587
4588
74232
74233
74234
74235
12804
12805
12806
12807
74252
74253
74254
107023
74255
107024
74256
107025
74257
107026
74258
74259
12824
12825
12826
12827
37403
12828
37404
12829
12830
12831
107043
107044
107045
107046
107047
107048
107049
107050
115244
115245
115246
8750
8751
61999
62000
156209
62001
62002
62019
62020
62021
94789
62022
94790
62023
127560
62024
127561
62025
127562
62026
127563
156239
156241
82519
49766
49767
49768
49769
115306
115313
115314
4724
4725
172665
49786
172667
49787
172668
49788
49789
49790
49791
49792
49793
115339
82577
115346
82578
115351
115352
115355
115356
115357
37533
123550
115358
37534
37535
115360
37536
115361
115362
115364
115366
115370
119467
119468
119469
119470
119471
119472
119473
37553
139954
119474
37554
139955
37555
139956
37556
139957
37557
139958
37558
37559
37560
94913
156354
94914
94915
94916
135878
115398
115399
115400
70344
115401
70345
29390
29391
144080
94933
94934
94935
94936
94937
115418
94938
115419
94939
115420
94940
115421
115422
115423
115424
115425
160482
160484
164583
144109
144110
144111
144112
168694
168696
168697
58105
156410
58106
135935
13055
135936
13056
4865
4866
82701
103182
82702
82703
82704
8979
8980
172823
82721
82722
82723
82724
82725
82726
82727
82728
45872
45873
17204
17205
70468
70469
70470
70471
21327
21328
29520
29521
29522
29523
160597
160599
70488
70489
164698
70490
70491
164700
70492
70493
70494
70495
29540
29541
152422
29542
29543
29544
29545
29546
29547
168827
58235
58236
58237
58238
13185
13186
13187
152452
13188
152454
25485
25486
58255
58256
58257
111506
5010
58258
111507
5011
58259
103316
58260
103317
13205
58261
103318
13206
58262
103319
13207
148376
13208
13209
13210
13211
13212
33695
181152
33696
78752
91043
91044
160678
103336
103337
103338
103339
103340
103341
103342
103343
156593
46002
46003
46004
46005
148406
17334
17335
148408
17336
17337
164805
46022
46023
46024
46025
17354
46026
17355
46027
17356
46028
17357
46029
17358
17359
17360
17361
21457
21458
21459
21460
66519
78813
78814
21477
21478
21479
21480
21481
21482
21483
21484
132086
152567
152568
152569
152570
9212
177149
9213
25615
25616
25617
25618
66580
66581
111638
111639
111640
111641
152602
91167
91168
33825
91169
33826
91170
25635
33827
25636
33828
25637
25638
5159
25639
5160
25640
148521
25641
148522
111658
25642
148523
111659
148524
111660
111661
111662
111663
111664
111665
185394
91187
91188
33845
91189
33846
91190
99382
33847
91191
99383
33848
91192
99384
144441
33849
91193
99385
144442
33850
91194
144443
33851
144444
33852
144445
144446
136257
136258
136259
136260
136261
54341
136262
54342
160844
160846
185425
164952
164953
78937
164954
78938
164955
78939
164956
78940
164957
164958
78957
78958
78959
78960
78961
78962
78963
78964
42108
42109
99461
99462
99465
13452
13453
66704
66705
66706
66707
66724
66725
66726
66727
66728
66729
66730
66731
87224
5312
5313
54471
54472
54473
54474
128205
54491
54492
54493
54494
54495
54496
152801
54497
152802
140514
54498
152803
152804
9449
9450
87282
87283
173305
173307
1275
173308
42238
140543
42239
140544
42240
42241
99594
156939
99595
148748
99596
148749
99597
13582
13583
13584
13585
42258
42259
42260
42261
42262
42263
42264
42265
99614
99615
99616
99617
13602
13603
13604
13605
13606
13607
107816
13608
156969
13609
75049
75050
156971
124232
124234
17745
17746
62810
62811
5469
5470
132449
132450
87406
87407
87408
87409
120178
165243
165244
87426
87427
165252
87428
87429
87430
87431
87432
87433
50577
50578
161175
161177
169371
9627
157084
9628
169373
169374
157086
75173
75174
75175
75176
95658
95659
107948
95660
107949
95661
107950
107951
75193
75194
75195
75196
75197
75198
75199
107968
75200
107969
107970
181699
107971
107972
107973
107974
107975
120264
38344
120265
38345
120266
17875
17876
17877
17878
157145
9690
9691
21980
62940
21981
62941
62942
62943
17895
17896
17897
17898
17899
95723
17900
95724
17901
17902
62960
62961
62962
62963
62964
165365
62965
62966
165367
62967
165368
116218
116219
116220
189949
116221
5630
5631
83460
161290
30219
161292
50707
50708
50709
50710
185891
169507
128550
128551
50727
50728
13865
50729
13866
50730
50731
50732
50733
50734
144954
140859
140860
83518
83519
38474
177739
38475
38476
38477
144983
144984
144985
144986
9820
9821
22110
38494
161375
22111
38495
22112
38496
22113
38497
38498
38499
165476
38500
38501
153200
22130
22131
22132
22133
71285
22134
71286
22135
22136
22137
26234
26235
95867
95868
95869
95870
95871
95872
95873
95874
157322
116362
157323
157324
157325
30349
157326
153230
30350
116367
30351
153232
116368
30352
124561
124562
124563
116371
124564
116372
124565
116373
116374
116376
116378
116382
30369
30370
136867
5795
30371
136868
5796
30372
30373
30374
59046
120487
30375
59047
120488
30376
120489
120490
116394
120491
116395
104107
13995
120492
116396
13996
120493
116397
104109
13997
120494
13998
83642
83643
83644
83645
116414
116415
14015
116416
14016
116417
14017
116418
14018
116419
14019
116420
14020
116421
14021
14022
83662
83663
83664
9937
83665
9938
83666
83667
83668
83669
149207
46813
46814
71409
112370
71410
71411
71412
149237
149239
26364
26365
26366
26367
161537
153345
161538
153346
161539
153347
161540
153348
71429
71430
161543
71431
71432
71433
161546
71434
71435
71436
26384
26385
26386
26387
26388
26389
26390
26391
153384
59176
59177
59178
112427
59179
34604
34605
104243
104244
104245
104246
59196
59197
59198
59199
59200
59201
59202
59203
104263
112456
104264
112457
104265
112458
104266
104267
104268
5964
112461
104269
5965
91981
112462
104270
91982
10067
10068
10069
10070
46943
46944
46945
46946
149352
149353
149354
149355
173937
173939
46963
173940
46964
46965
46966
46967
46968
149369
46969
46970
18302
18303
79754
79755
145321
145322
112558
34734
112559
34735
112560
34736
112561
34737
133043
67521
112578
34754
67522
112579
34755
112580
34756
112581
34757
112582
34758
112583
34759
112584
34760
112585
34761
92105
92106
92107
92108
10190
10191
14294
14295
157656
92125
92126
92127
92128
92129
182242
92130
92131
92132
153580
137196
153581
55282
55283
157686
157688
6137
6138
18432
18433
18434
18435
79878
79879
79880
79881
18452
18453
18454
18455
174104
18456
165913
18457
165914
18458
79898
165915
18459
79899
165916
79900
165917
79901
165918
79902
79903
79904
79905
43049
43050
100395
170040
170042
170043
67645
67646
67647
67648
161860
161862
149579
149581
149582
149583
10320
10321
67665
10322
67666
10323
67667
67668
67669
67670
67671
14424
67672
14425
14426
14427
88165
141416
157801
157803
14444
14445
14446
14447
14448
14449
14450
14451
55412
55413
55414
55415
22649
22650
141445
141446
141447
141448
55432
55433
55434
55435
55436
55437
55438
55439
178321
10386
10387
10388
10389
166039
166041
166042
88223
129184
88224
157866
6314
6315
43179
43180
43181
43182
100529
100530
100531
100532
161975
161977
43199
43200
43201
43202
43203
170180
108740
43204
108741
100549
43205
100550
43206
100551
100552
100553
100554
100555
100556
10451
10452
75990
75991
22779
22780
22781
22782
63751
63752
166154
22799
22800
162065
22801
22802
22803
22804
22805
22806
88347
88348
88349
88350
133410
133411
133412
133413
88367
88368
88369
88370
88371
125236
88372
88373
88374
51518
51519
108872
108873
108874
108875
96589
96590
76114
76115
76116
10581
76117
10582
10583
10584
31064
158042
158043
108892
108893
108894
108895
6495
108896
6496
108897
108898
108899
76134
76135
76136
10601
76137
10602
76138
10603
76139
10604
76140
121197
76141
153968
39285
39286
26999
27000
117128
63881
63882
63883
63884
153998
154000
14739
14740
96660
63901
63902
63903
145824
63904
63905
63906
63907
63908
84401
162226
18875
18876
145853
145854
145855
145856
51648
51649
51650
121283
51651
141765
121285
141766
141767
141768
51668
51669
51670
51671
51672
51673
31194
51674
31195
51675
31196
117213
31197
174558
117214
117215
174560
117216
174561
10724
10725
84459
84460
31214
31215
31216
31217
31218
31219
31220
186869
31221
182775
39415
39416
27129
39417
27130
39418
129531
27131
129532
27132
129533
129534
129535
129536
154115
154116
150027
39435
39436
27149
39437
27150
39438
27151
39439
27152
39440
27153
39441
27154
39442
27155
104980
27156
14869
14870
96790
14871
96791
6680
14872
6681
96800
96801
72226
96802
72227
96803
96804
96805
96806
96807
150057
14889
14890
150059
14891
154156
14892
14893
14894
14895
14896
19005
19006
19007
19008
137795
137796
105033
105034
105037
19025
19026
19027
59987
19028
59988
19029
19030
19031
19032
10854
10855
84583
10856
84584
10857
84585
84586
10874
10875
84603
10876
84604
10877
84605
10878
84606
125567
10879
84607
125568
10880
84608
10881
84609
84610
113284
113285
174728
113289
47754
47755
117388
117393
117394
117397
117398
117399
117400
117401
117402
150172
117404
158365
150173
117405
150174
117406
72350
150175
117407
72351
72352
72353
121512
121513
117424
166577
117425
166578
150194
117426
72370
166579
117427
72371
166580
117428
72372
117429
72373
117430
72374
117431
72375
72376
72377
158395
158397
113345
113346
35529
35530
178898
105170
105171
105172
105173
6869
60117
6870
60118
170711
60119
60120
170713
170714
113373
113375
113376
113377
105190
105191
105192
105193
60137
105194
60138
154347
105195
60139
154348
113388
105196
60140
154349
105197
60141
154350
60142
154351
60143
60144
113393
113395
162548
154356
113396
162550
92918
80637
11009
11010
113416
47884
47885
146190
47886
47887
146192
146193
146194
146195
146196
47904
47905
47906
47907
47908
47909
23334
47910
23335
47911
158510
158512
166705
166707
166708
80695
80696
35659
113484
35660
113485
35661
113486
35662
113487
35679
113504
15200
35680
113505
15201
35681
113506
35682
113507
35683
113508
35684
113509
35685
113510
35686
162663
113511
170856
162665
133993
68462
68463
93042
158579
93043
93044
93045
11139
11140
150405
11141
11142
93062
93063
93064
93065
93066
93067
93068
138125
93069
138126
138127
138128
138129
138130
138131
7062
7063
11159
11160
11161
11162
11163
11164
11165
11166
56223
56224
134050
134051
166824
23464
23465
23466
23467
80819
80820
80821
80822
23484
23485
23486
23487
23488
23489
23490
23491
162758
80839
80840
80841
80842
80843
80844
101325
80845
101326
80846
43990
43991
15330
15331
15332
15333
142310
68586
68587
68588
68589
15350
15351
15352
15353
15354
15355
15356
15357
68606
68607
68608
68609
68610
142339
68611
142340
68612
142341
68613
142342
183304
19464
19465
89106
158752
158753
56353
56354
56355
56356
11310
11311
56373
56374
56375
166968
56376
166969
56377
166970
56378
166971
56379
56380
175172
175173
175174
89164
89165
101459
101460
101461
101462
44120
44121
44122
7259
44123
7260
109663
109664
162915
162916
154724
162917
101479
101480
101481
101482
101483
130156
101484
44140
101485
44141
101486
44142
44143
44144
44145
44146
44147
64632
64633
154754
76931
154756
27780
76932
27781
19594
19595
19596
19597
19614
19615
19616
19617
19618
19619
19620
19621
11440
11441
11442
11443
31925
31926
11460
11461
11462
11463
11464
89288
11465
89289
11466
89290
11467
89291
134364
89308
134365
89309
134366
89310
134367
89311
89312
89313
89314
109795
89315
109796
109797
109798
52459
52460
175346
109815
109816
109817
109818
109819
146684
109820
109821
109822
77055
77056
77057
77058
27910
27911
27912
27913
179466
77075
77076
77077
77078
77079
126232
77080
77081
146714
27930
77082
146715
27931
146716
27932
27933
27934
27935
27936
27937
40226
40227
154916
7460
7461
150837
64822
32055
64823
32056
64824
32057
64825
32058
97594
15677
15678
142663
142664
142665
142666
64842
32075
64843
32076
64844
32077
64845
32078
64846
32079
64847
32080
64848
32081
64849
32082
150867
150869
159062
85342
171366
122215
171368
171369
11627
11628
52589
52590
52591
52592
159092
159094
118137
52609
52610
52611
52612
52613
52614
52615
52616
85400
85401
163229
40356
40357
187814
40358
40359
105903
40376
40377
40378
40379
40380
97724
122301
40381
97725
40382
97726
122303
15807
40383
97727
15808
15809
15810
97732
97733
150982
97734
150983
97735
167368
150984
97736
150985
97737
167370
97738
167371
97739
130510
118222
118223
73167
118224
73168
118225
15827
15828
15829
15830
15831
15832
15833
138714
15834
138715
151009
155107
24035
24036
159207
159209
11757
11758
11759
11760
7665
7666
171515
60928
11777
60929
11778
11779
11780
11781
11782
11783
11784
163344
163346
85524
85525
85526
85527
114208
114215
85544
114217
85545
85546
85547
85548
85549
85550
85551
159280
48695
48696
167492
73291
73292
73293
73294
73311
73312
114273
73313
114274
73314
73315
73316
20069
24165
73317
20070
24166
73318
126567
24167
126568
24168
126569
126570
36462
36463
147056
106097
106098
163443
106099
106100
24185
24186
11899
24187
24188
24189
24190
24191
114304
24192
61058
61059
61060
106117
61061
106118
106119
106120
106121
106122
106123
106124
61078
61079
61080
61081
61082
61083
61084
118429
61085
114334
93854
93855
114339
122532
114340
122533
114341
122534
114342
122535
122536
114344
122537
114345
114346
81578
114349
118446
114350
151215
118447
151216
118448
151217
118449
118450
114354
118451
118452
114356
118453
114357
114360
11960
114361
11961
48825
114362
48826
114363
48827
48828
114365
114367
114369
7874
114371
7875
114375
48845
48846
48847
48848
48849
48850
48851
48852
167638
167639
159451
159452
159453
159458
81636
81637
20199
20200
20201
20202
36592
36593
36594
36595
114423
114424
114425
114426
20219
20220
20221
20222
20223
20224
20225
20226
36612
36613
36614
36615
3848
36616
36617
36618
114443
36619
163596
114444
114445
163598
114446
163599
114447
163600
114448
114449
114450
134938
93978
69403
93979
69404
93980
93981
16170
139051
16171
93998
93999
94000
94001
94002
94003
94004
94005
12090
12091
12092
12093
180035
57164
57165
12110
12111
12112
155473
12113
175954
12114
134995
12115
134996
12116
12117
143198
81760
81761
81762
81763
102254
155503
102255
155505
81780
81781
81782
81783
81784
81785
3962
81786
143227
3963
81787
188284
143228
143229
143230
44931
44932
8087
69527
8088
69528
69529
69530
28577
28578
69547
16300
69548
16301
69549
16302
69550
16303
69551
69552
69553
69554
90047
16320
16321
16322
16323
16324
16325
16326
16327
57294
57295
57296
57297
12248
57314
57315
57316
57317
57318
57319
57320
57321
4079
4080
102388
102389
172022
102390
102391
172024
90104
172025
110585
90105
110586
)


// ************************************************************************* //
