/*--------------------------------*- C++ -*----------------------------------*\
| =========                 |                                                 |
| \\      /  F ield         | OpenFOAM: The Open Source CFD Toolbox           |
|  \\    /   O peration     | Version:  v1906                                 |
|   \\  /    A nd           | Web:      www.OpenFOAM.com                      |
|    \\/     M anipulation  |                                                 |
\*---------------------------------------------------------------------------*/
FoamFile
{
    version     2.0;
    format      ascii;
    class       cellSet;
    location    "constant/polyMesh/sets";
    object      underdeterminedCells;
}
// * * * * * * * * * * * * * * * * * * * * * * * * * * * * * * * * * * * * * //


984
(
196608
196609
196610
196611
196612
198663
198666
198667
198668
198673
198674
198675
198676
196637
196639
196643
196644
196648
196649
196650
196651
194629
194630
194631
194632
194633
198733
198734
198735
198736
198737
198738
198739
198740
198741
198742
198743
198744
198745
198746
198747
198748
198758
198759
198762
198763
194670
198767
194671
198768
194672
198769
198770
194674
194679
194680
196768
196769
196770
196771
196772
196773
196774
198823
196775
198824
196776
198825
196777
198826
196778
198827
196779
198828
196780
198829
196781
198830
196782
198831
196783
198832
198833
198834
198835
198836
198837
198838
198847
198848
198849
198852
198855
198856
196808
198857
196809
198858
196811
196815
196818
196819
196820
196821
198907
198908
198909
198910
198911
198912
198913
198914
198915
198916
198917
198918
198919
198920
198921
198922
198930
198931
198932
198933
198937
198938
198939
198940
194844
194845
194846
194847
194848
194849
194850
194851
194852
196934
194886
196935
196936
198985
196937
198986
196938
194890
198987
196939
194891
198988
196940
194892
198989
196941
198990
196942
198991
196943
198992
196944
198993
196945
194897
198994
196946
194898
198995
196947
194899
198996
196948
198997
196949
198998
198999
199000
199007
199008
199009
199010
199013
199014
199015
199016
196974
196975
196976
196978
196983
196984
196985
196986
199057
199058
199059
199060
199061
199062
199063
199064
199065
199066
199067
199068
199069
199070
199071
199072
199078
199079
199080
199081
199083
199084
199085
199086
199123
199124
199125
199126
199127
199128
199129
199130
199131
199132
199133
199134
199135
199136
199137
199138
199141
199142
199143
197095
199144
197096
199145
197097
199146
197098
199147
197099
199148
197100
195052
199149
197101
195053
199150
197102
195054
197103
195055
197104
195056
197105
195057
197106
195058
197107
195059
197108
195060
197109
195061
197110
195062
195063
195064
197132
199183
199184
197136
199185
197137
199186
197138
199187
199188
199189
199190
199191
197143
199192
197144
199193
197145
195097
199194
197146
199195
195099
199196
199197
199198
199199
195103
199200
195104
199201
199202
199203
199204
195108
199205
195109
199206
195110
199207
195111
199208
193081
199237
199238
199239
199240
199241
199242
199243
199244
199245
199246
199247
199248
199249
199250
199251
199252
199253
199254
199255
199256
199257
199258
199259
199260
199285
199286
199287
199288
199289
199290
199291
199292
199293
199294
199295
199296
199297
199298
199299
197251
199300
197252
35460
199301
197253
199302
197254
199303
197255
199304
197256
199305
197257
199306
197258
197259
197260
197261
197262
197263
197264
197265
197266
199327
199328
199329
199330
199331
199332
199333
199334
199335
197287
199336
199337
197289
199338
199339
199340
199341
197293
199342
197294
199343
199344
199345
199346
197298
197299
197300
197301
195260
195261
195262
195263
195264
195265
195266
199363
195267
199364
195268
199365
195269
199366
195270
199367
195271
199368
195272
199369
195273
199370
195274
199371
195275
199372
199373
199374
199375
199376
199377
199378
199379
199380
199383
199393
199394
199395
199396
199397
199398
199399
199400
199401
199402
199403
199404
195308
199405
195309
199406
199407
195311
199408
199411
195315
195318
195319
195320
199417
195321
199418
199419
199420
199421
199422
199423
199424
199425
199426
199427
199428
199429
199430
199431
199432
199435
199437
199438
199439
199440
199441
199442
199443
199444
199445
199446
199447
199448
199449
199450
197402
199451
197403
193307
199452
197404
199453
197405
199454
197406
199455
197407
199456
197408
193312
199457
197409
199458
197410
199459
197411
199460
197412
199461
197413
199462
197414
199463
197415
199464
197416
199465
197417
199466
199467
199468
199469
199470
199471
199472
199473
199474
199475
199476
199477
199478
199479
199480
199481
199482
199483
199484
199485
199486
197438
199487
197439
199488
199489
197441
199490
199491
199492
197445
197448
197449
197450
197451
33626
195466
195467
195468
195469
195470
195471
195472
195473
195474
195475
195476
195477
195478
195479
195480
195481
197548
197549
197550
197551
197552
197553
197554
197555
197556
197557
197558
197559
197560
197561
197562
195514
197563
195515
195516
195518
195523
195524
195525
195526
197584
197585
197586
197588
197593
197594
197595
197596
193537
193538
193543
197689
197690
197691
197692
197693
197694
197695
197696
197697
197698
197699
197700
197701
197702
197703
197704
195667
195668
195669
195670
195671
195672
195673
197722
195674
195675
195676
195677
197726
195678
197727
195679
197728
195680
195681
195682
197733
197734
197735
197736
195712
195716
195717
195718
195723
195724
195725
195726
197825
197826
197827
197828
197829
197830
197831
197832
197833
197834
197835
197836
197837
197838
197839
197840
197857
197859
197863
193767
197864
193768
193769
197868
197869
193773
197870
193774
197871
193781
195863
195864
195865
195866
195867
195868
195869
195870
195871
195872
195873
195874
195875
195876
195877
195878
195907
197956
197957
195909
197958
197959
197960
197961
195913
197962
195914
197963
197964
197965
197966
195918
197967
195919
197968
195920
197969
195921
197970
197971
197988
197989
197991
197995
197998
197999
198000
198001
198082
198083
198084
198085
198086
198087
198088
198089
198090
193994
198091
198092
198093
198094
193998
198095
193999
198096
194000
198097
194003
194004
196054
196055
194007
196056
196057
196058
196059
194011
196060
196061
196062
196063
196064
196065
198114
196066
198115
196067
198116
196068
196069
198118
198123
198124
198125
198126
196098
196099
196101
196105
196108
196109
196110
196111
198203
198204
198205
198206
198207
198208
198209
198210
198211
198212
198213
198214
198215
198216
198217
198218
198232
198236
198237
198238
198243
198244
198245
198246
196240
196241
196242
196243
196244
196245
196246
196247
196248
196249
196250
196251
196252
196253
196254
196255
194222
198319
198320
194224
198321
198322
198323
198324
194228
198325
194229
198326
198327
194231
198328
194232
198329
198330
198331
194235
198332
196284
198333
196285
198334
196286
196288
196293
196294
196295
196296
198347
198349
198353
198354
198358
198359
198360
198361
34535
198430
198431
198432
198433
198434
198435
198436
198437
198438
198439
198440
198441
198442
198443
198444
198445
198458
198459
198461
198465
198468
198469
196421
198470
196422
198471
196423
196424
196425
196426
196427
196428
196429
196430
196431
196432
196433
196434
196435
196436
194411
196462
196466
196467
196468
196473
196474
196475
196476
198536
198537
198538
198539
198540
198541
198542
198543
198544
194448
198545
194449
198546
198547
194451
198548
198549
198550
198551
194455
194457
194459
198564
198565
198566
198568
198573
198574
198575
198576
198637
198638
198639
198640
198641
198642
198643
198644
198645
196597
198646
196598
198647
196599
198648
196600
198649
196601
198650
196602
198651
196603
198652
196604
196605
196606
196607
)


// ************************************************************************* //
